143 129 140 122 144 135 131 151 135 117 123 115 121 109 143 118 121 155 103 141 129 120 122 157
138 125 144 125 155 131 129 143 135 138 142 127 142 121  99 135 147 151 139 125 132 121 149 143
143 114 139 127 138 115 130 125 120 148 120 164 141 122 117 146 135 135 131 140 148 157 148 141
140 134 139 144 121 140 139 126 130 142 126 120 133 152 140 149 147 124 146 121 132 125 135 159
112 124 117 141 121 150 145 151 130 158 117 130 129 127 139 130 122 123 129 122 111 132 127 122
129 125 130 131 133 108 148 142 129 151 127 139 134 149 148 122 135 140 146 132 142 131 125 132
158 139 139 135 123 130 140 138 140 130 136 136 142 133  97 141 151 132 127 145 134 138 130 130
120 132 129 136 135 136 136 126 131 136 133 138 136 137 129 135 143 123 133 140 120 115 124 142
125 129 119 146 115 145 118 139 146 137 146 136 134 144 121 138 133 130 148 129 134 129 139 125
119 146 129 114 108 139 114 140 104 138 123 113 134 118 128 154 136 129 141 144 123 123 121 141
137 116 127 166 131 135 117 136 127 118
